

Instance: /TSP/pr136.tsp
Sol: 98 73 64 39 16 17 40 37 65 60 86 82 75 53 49 13 8 35 56 69 77 66 45 3 34 57 91 121 128 134 59 43 33 21 54 114 112 103 127 126 135 108 105 96 94 106 130 107 97 47 42 55 46 67 81 88 76 58 25 32 20 2 9 24 51 28 0 30 29 38 63 62 52 50 71 129 119 117 109 95 120 111 100 78 79 80 102 113 124 132 89 12 11 44 23 48 87 99 131 118 70 74 93 90 101 125 104 116 36 5 4 18 84 72 83 85 61 19 26 27 41 31 7 6 15 1 14 10 22 68 123 133 115 122 110 92 
FO: 283764.00000
Best time: 0.952
Total time:1.006 


Instance: /TSP/pr136.tsp
Sol: 45 66 68 102 123 114 96 5 28 17 1 70 63 53 65 76 87 35 2 11 10 22 69 77 46 34 21 20 37 51 38 134 105 108 130 118 131 129 107 106 135 98 95 64 27 31 59 44 111 110 115 112 89 80 101 91 81 78 92 25 7 26 0 6 40 48 43 88 58 54 47 3 23 12 33 9 32 13 24 14 49 30 29 16 4 109 121 125 67 57 122 132 124 127 93 103 56 42 8 15 61 60 72 97 84 73 128 75 83 119 117 120 104 82 94 86 99 62 39 52 41 19 36 50 18 74 85 71 116 133 113 126 100 79 90 55 
FO: 305541.00000
Best time: 1.002
Total time:1.011 


Instance: /TSP/pr136.tsp
Sol: 131 130 105 106 98 108 64 50 96 118 73 84 51 62 6 0 16 4 37 63 97 8 24 9 13 32 99 83 85 72 52 31 30 27 18 17 71 36 61 53 15 14 91 43 11 21 12 23 34 35 45 46 109 107 119 128 120 117 65 60 126 113 93 87 59 20 5 28 26 7 42 48 75 29 41 1 19 134 95 49 39 38 40 82 74 2 25 66 114 55 90 79 67 111 70 92 110 80 132 121 116 94 104 86 58 44 33 10 3 56 22 54 57 47 100 88 103 124 115 101 133 127 122 125 77 81 102 112 123 68 78 89 69 76 129 135 
FO: 341989.00000
Best time: 0.953
Total time:1.013 


Instance: /TSP/pr136.tsp
Sol: 76 95 74 72 98 86 104 99 63 6 0 15 90 88 101 11 12 21 20 32 24 2 23 3 45 66 8 1 31 16 19 26 36 27 67 79 89 112 122 103 110 133 125 123 114 102 132 124 127 43 10 14 25 58 69 92 126 128 105 108 107 97 51 38 62 52 61 37 116 134 71 130 117 106 75 59 48 57 93 120 109 83 85 73 96 84 18 5 4 60 119 135 131 118 129 94 82 121 87 54 42 44 35 13 34 55 46 80 70 65 39 29 28 7 53 41 40 64 50 17 30 49 77 113 91 100 111 115 68 56 9 33 22 47 78 81 
FO: 293455.00000
Best time: 0.950
Total time:1.013 


Instance: /TSP/pr136.tsp
Sol: 121 122 126 120 129 118 86 87 66 46 34 12 11 2 44 54 81 69 115 110 75 83 63 51 38 48 91 79 94 74 70 65 19 17 4 29 84 130 119 108 104 109 106 107 72 62 37 39 16 27 5 36 41 59 32 25 82 99 93 77 90 102 101 124 103 100 80 68 112 113 78 58 47 35 22 33 3 10 9 20 6 0 18 50 53 49 57 88 76 85 96 97 73 60 52 40 61 31 15 7 1 14 8 42 43 24 13 45 89 114 123 132 56 67 23 21 55 92 117 105 98 28 30 26 64 71 95 116 134 128 131 135 127 133 125 111 
FO: 279799.00000
Best time: 0.997
Total time:1.015 


Instance: /TSP/pr136.tsp
Sol: 36 25 23 11 10 35 47 59 48 61 75 77 67 56 57 44 43 42 66 80 101 100 91 46 55 45 20 24 8 1 0 18 72 73 85 107 118 121 110 92 69 32 13 14 31 41 64 50 62 96 74 86 82 99 116 109 120 134 129 117 119 98 83 76 93 103 115 125 112 79 68 78 87 53 28 5 4 29 17 7 15 19 133 126 111 127 122 97 71 38 39 63 84 131 130 135 128 94 70 65 2 9 6 27 16 30 26 40 52 58 54 22 3 21 12 33 34 89 90 113 114 124 132 123 102 81 88 60 37 51 106 105 108 104 95 49 
FO: 250611.00000
Best time: 0.979
Total time:1.005 


Instance: /TSP/pr136.tsp
Sol: 93 42 43 35 54 14 9 2 27 50 61 7 25 44 57 110 111 81 65 60 75 118 106 120 109 104 134 121 115 122 125 102 123 90 80 56 21 3 22 47 58 48 99 117 119 135 107 131 130 105 116 91 12 11 45 55 46 34 33 10 23 24 8 13 20 32 67 68 69 66 59 76 77 88 78 87 70 73 84 72 71 38 63 62 39 40 31 41 36 18 30 37 82 94 86 53 49 15 1 19 29 4 74 85 96 97 129 128 108 83 52 5 16 6 0 26 28 17 51 64 98 95 133 126 127 103 112 101 89 79 132 124 114 113 100 92 
FO: 237270.00000
Best time: 0.952
Total time:1.008 


Instance: /TSP/pr136.tsp
Sol: 111 110 58 8 22 33 21 44 92 88 81 68 67 42 43 66 45 20 24 23 34 32 2 14 19 15 70 116 109 129 135 96 85 83 74 51 16 4 5 39 40 82 119 107 97 49 1 30 38 71 131 118 106 130 64 86 53 65 94 104 134 100 76 93 114 123 101 46 55 69 7 26 27 37 61 48 124 102 113 132 133 91 79 78 128 120 121 127 126 115 125 84 72 73 98 108 63 62 52 28 18 17 50 41 60 6 0 29 31 36 25 47 12 10 9 3 11 13 56 57 59 77 87 35 54 80 90 89 103 75 117 105 95 99 122 112 
FO: 286143.00000
Best time: 0.985
Total time:1.010 


Instance: /TSP/pr136.tsp
Sol: 70 94 100 90 80 89 88 79 66 113 93 115 103 17 73 26 37 104 134 129 128 117 130 131 126 92 78 123 114 133 127 121 59 68 56 55 67 33 3 21 7 40 36 25 45 44 23 12 32 24 8 22 13 49 75 71 64 52 5 61 30 50 0 39 53 63 85 9 2 1 15 27 38 120 84 95 41 116 99 107 119 106 118 72 65 16 29 83 87 110 125 124 91 77 81 101 69 112 122 102 132 111 58 20 48 35 46 34 96 98 97 135 108 86 19 62 18 31 6 76 42 57 47 54 11 10 43 105 109 74 82 60 28 4 51 14 
FO: 363722.00000
Best time: 0.979
Total time:1.005 


Instance: /TSP/pr136.tsp
Sol: 95 105 106 119 118 131 130 86 68 79 54 76 87 127 122 112 55 67 101 78 69 66 43 58 42 9 11 10 21 33 80 89 102 110 82 49 37 17 84 72 74 98 96 71 97 85 83 59 23 24 8 25 44 35 47 57 12 3 32 22 20 13 81 77 70 94 75 73 64 38 51 39 50 28 29 30 27 36 41 52 61 16 26 19 1 2 34 100 90 91 88 92 113 132 123 114 124 125 126 115 65 53 60 15 7 5 4 6 0 18 62 63 40 31 48 14 56 46 45 93 135 117 109 134 128 129 104 107 108 116 111 133 103 121 120 99 
FO: 250898.00000
Best time: 0.968
Total time:1.008 


Instance: /TSP/pr136.tsp
Sol: 36 59 11 13 9 24 3 104 115 113 88 48 111 134 116 130 128 109 90 86 87 110 112 10 79 69 68 34 46 23 12 22 56 54 49 74 81 50 82 31 0 7 26 28 29 52 71 2 78 55 127 77 80 94 135 129 119 107 60 17 51 95 75 5 1 47 108 117 105 98 131 106 118 72 97 83 92 120 122 123 32 35 14 25 58 41 42 6 96 73 85 61 62 38 37 4 65 99 20 89 67 102 64 63 40 53 21 33 45 124 91 133 126 132 125 44 103 43 16 18 30 84 27 39 8 19 57 76 100 114 121 66 101 93 70 15 
FO: 453396.00000
Best time: 0.998
Total time:1.018 


Instance: /TSP/pr136.tsp
Sol: 86 87 70 95 106 118 75 63 19 29 61 98 96 60 10 12 24 11 33 34 56 46 54 49 36 59 101 114 100 103 88 68 79 80 89 66 57 67 55 78 43 48 65 31 47 77 91 58 64 72 73 83 62 74 111 113 124 81 18 4 5 16 40 28 37 51 17 27 26 39 41 0 38 97 84 105 71 7 1 99 109 104 121 115 122 125 132 110 13 45 3 21 44 35 25 9 14 22 23 15 90 2 52 133 6 30 50 53 94 82 116 119 129 135 128 130 131 134 117 85 32 8 20 42 102 123 126 127 112 69 92 93 76 120 108 107 
FO: 351709.00000
Best time: 0.943
Total time:1.004 


Instance: /TSP/pr136.tsp
Sol: 55 35 12 13 79 114 123 132 69 58 67 81 68 113 128 130 108 98 62 71 83 86 110 124 121 122 120 135 97 85 82 103 133 78 54 46 47 43 66 45 34 57 56 60 95 36 51 53 64 50 38 84 96 107 106 44 100 91 104 99 118 117 119 73 65 42 25 8 48 40 63 16 52 41 7 31 9 3 20 32 22 23 11 2 15 6 17 0 18 5 39 1 24 21 109 129 134 94 116 131 105 72 19 26 29 30 37 61 28 4 27 89 80 126 112 115 102 75 74 76 88 59 49 70 87 93 111 90 125 92 77 127 101 33 10 14 
FO: 359790.00000
Best time: 0.901
Total time:1.002 


Instance: /TSP/pr136.tsp
Sol: 75 99 95 109 59 58 14 25 33 34 55 79 133 125 113 132 102 90 111 126 115 110 123 121 1 28 16 4 98 134 108 128 120 48 43 38 63 84 97 85 93 42 87 35 23 12 32 54 3 20 45 44 49 36 92 77 80 68 114 89 101 94 70 86 83 106 130 118 96 65 30 29 51 5 0 6 37 61 71 82 73 50 72 116 104 91 88 100 66 69 47 56 67 22 21 46 112 124 122 81 76 78 10 13 7 26 40 41 19 15 31 18 62 64 39 60 135 107 74 11 9 2 24 8 53 17 27 52 129 117 119 131 105 57 103 127 
FO: 332283.00000
Best time: 0.995
Total time:1.029 


Instance: /TSP/pr136.tsp
Sol: 24 32 22 8 5 93 4 28 52 1 55 87 125 101 20 131 126 122 97 117 27 18 31 83 17 39 95 29 38 30 37 72 3 23 14 76 121 111 90 113 103 78 68 21 10 2 40 62 51 64 77 12 33 15 19 75 120 128 118 84 94 86 47 74 13 44 67 88 92 7 48 58 59 116 65 66 105 129 99 96 108 106 135 73 85 63 107 98 25 43 57 69 46 91 35 45 89 79 56 34 9 71 60 26 104 134 133 115 49 82 119 124 80 81 36 61 41 0 16 42 132 102 112 127 110 123 114 100 70 53 50 6 130 109 54 11 
FO: 478036.00000
Best time: 1.023
Total time:1.023 


Instance: /TSP/pr136.tsp
Sol: 66 92 112 127 90 55 58 129 83 28 65 104 135 120 15 19 7 6 25 80 125 132 93 115 89 45 34 37 106 102 79 2 49 46 21 78 10 12 20 48 116 122 108 52 8 41 40 53 54 76 94 75 133 59 88 121 0 35 24 69 1 26 43 42 103 31 81 67 33 56 64 131 107 29 96 134 47 105 73 97 85 118 126 38 61 128 5 18 4 70 109 130 44 91 60 86 27 36 68 3 87 71 84 117 82 119 74 72 111 57 23 22 11 13 9 14 32 50 39 95 62 51 30 16 17 110 99 77 123 101 100 114 63 113 124 98 
FO: 566591.00000
Best time: 0.996
Total time:1.003 


Instance: /TSP/pr136.tsp
Sol: 129 108 82 20 33 13 3 12 11 43 35 74 61 37 51 39 71 84 97 7 31 0 1 19 14 25 103 132 102 115 122 123 126 133 22 10 23 46 56 67 55 80 68 90 111 92 112 114 124 113 125 91 87 127 110 100 79 32 2 65 60 40 27 6 15 21 34 59 121 93 101 89 24 8 50 73 94 86 116 128 120 95 81 47 45 44 9 48 131 134 104 85 64 52 28 16 5 18 26 72 83 96 36 30 62 106 107 109 119 117 118 105 135 130 98 63 38 75 70 99 77 78 69 76 88 57 66 53 41 29 4 17 49 42 58 54 
FO: 310652.00000
Best time: 0.869
Total time:1.003 


Instance: /TSP/pr136.tsp
Sol: 81 77 15 30 28 0 52 97 72 43 21 11 46 34 12 3 45 91 101 89 33 10 2 9 59 44 67 112 113 127 133 111 135 106 129 128 109 104 93 92 56 55 57 68 79 54 58 60 82 41 36 49 53 86 120 88 90 124 103 114 100 99 119 64 29 17 27 62 73 71 95 83 61 48 35 47 102 132 123 122 115 125 126 107 118 98 134 131 14 32 23 22 13 20 42 66 78 69 80 24 25 8 19 7 31 1 26 16 6 5 65 105 117 85 94 116 110 121 70 130 96 108 84 63 51 39 50 38 4 18 75 37 40 74 87 76 
FO: 305405.00000
Best time: 1.000
Total time:1.000 


Instance: /TSP/pr136.tsp
Sol: 110 133 102 21 94 65 107 53 52 121 100 101 68 132 127 125 70 50 0 37 86 54 87 67 45 22 13 55 47 135 96 69 112 98 26 14 32 59 111 131 58 122 74 85 4 83 108 43 9 93 114 91 76 51 116 56 3 5 41 129 75 66 77 103 130 63 16 97 72 38 28 90 119 124 117 106 73 11 99 126 92 24 19 49 62 17 18 27 71 80 33 7 61 57 105 118 35 10 6 78 15 2 8 20 23 31 29 134 84 123 34 81 88 79 89 44 12 42 82 95 109 46 128 48 25 39 64 40 60 30 36 120 1 115 104 113 
FO: 628341.00000
Best time: 0.240
Total time:1.018 


Instance: /TSP/pr136.tsp
Sol: 130 135 30 1 31 72 84 97 107 95 25 32 54 44 55 46 35 13 24 45 67 91 125 113 112 89 68 101 100 115 121 106 118 131 73 50 49 71 64 17 29 41 15 19 62 61 65 94 104 109 119 117 120 134 133 122 124 132 78 3 12 33 22 11 23 34 57 81 93 70 82 99 86 87 69 56 21 2 8 59 92 90 79 80 66 85 39 37 52 16 27 43 47 58 42 14 10 20 9 7 18 28 6 4 5 0 26 36 60 74 108 123 102 114 103 111 127 128 116 129 126 110 77 88 76 48 53 40 38 51 63 96 83 75 98 105 
FO: 271664.00000
Best time: 1.005
Total time:1.005 


Instance: /TSP/pr136.tsp
Sol: 18 49 50 63 51 98 74 130 134 129 135 131 90 100 132 80 68 35 43 19 15 41 65 59 91 76 67 81 55 99 95 109 97 86 107 83 116 64 36 31 1 37 62 77 87 25 22 9 33 46 42 34 78 56 122 114 102 113 89 103 111 82 75 70 14 2 47 12 101 21 3 11 45 13 23 58 10 32 20 69 79 54 66 88 92 57 93 126 127 112 125 110 26 27 5 39 17 4 71 94 104 38 52 29 30 60 85 73 117 105 118 119 106 84 28 6 96 72 53 0 7 16 40 48 24 44 8 123 124 115 133 121 120 108 128 61 
FO: 352078.00000
Best time: 1.010
Total time:1.010 


Instance: /TSP/pr136.tsp
Sol: 15 40 52 62 64 61 95 109 128 129 99 108 117 130 105 135 92 47 43 44 34 56 66 57 122 123 132 102 125 121 116 134 120 72 84 118 97 86 104 119 107 98 106 73 53 20 25 24 9 14 23 10 2 13 32 33 11 3 46 58 8 48 76 87 88 55 45 67 78 133 114 111 124 112 89 90 94 70 82 96 85 83 131 110 113 91 49 65 19 7 60 71 74 50 37 41 31 18 16 28 38 63 42 100 93 27 4 17 51 39 29 5 30 0 6 1 59 115 127 126 103 54 69 79 68 35 77 81 80 101 12 21 22 26 75 36 
FO: 286848.00000
Best time: 1.001
Total time:1.001 


Instance: /TSP/pr136.tsp
Sol: 14 19 61 40 105 95 64 73 72 74 71 82 133 115 41 27 43 47 83 129 104 120 128 130 81 125 124 132 113 112 101 91 80 123 126 103 56 12 2 20 8 13 48 26 17 5 116 131 134 79 89 90 87 111 110 127 102 114 10 22 23 53 65 119 106 118 107 98 94 85 38 63 39 60 36 33 34 84 109 99 117 135 49 70 1 4 7 15 51 29 52 0 30 6 18 16 31 77 46 21 44 11 55 100 88 121 86 96 37 28 62 75 50 97 108 76 78 122 92 93 68 57 66 69 9 42 59 25 45 67 3 58 35 24 32 54 
FO: 360826.00000
Best time: 1.002
Total time:1.002 


Instance: /TSP/pr136.tsp
Sol: 75 87 118 117 107 119 39 72 106 96 83 95 97 108 130 135 129 134 120 116 128 105 64 65 60 18 5 6 14 25 42 24 54 58 47 56 67 3 59 121 80 90 112 133 124 103 100 126 115 114 125 113 122 68 43 44 66 93 110 127 102 77 69 81 88 111 132 123 101 11 31 49 51 16 71 94 98 62 74 99 86 70 63 131 109 23 55 22 10 12 21 78 34 57 79 91 89 92 76 41 4 19 1 0 17 37 28 27 7 36 15 30 40 29 38 61 53 26 13 32 8 9 2 20 33 45 46 35 48 52 50 84 85 73 104 82 
FO: 295120.00000
Best time: 1.000
Total time:1.001 


Instance: /TSP/pr136.tsp
Sol: 87 2 98 119 0 30 26 37 50 41 105 6 75 62 1 53 130 95 61 36 39 120 104 115 43 133 124 111 92 108 99 14 42 55 57 32 10 84 118 71 128 129 112 132 113 89 102 125 100 91 103 123 66 88 93 69 24 9 13 7 63 51 65 82 109 97 73 29 16 15 17 5 38 85 72 83 64 74 52 19 18 3 33 11 46 34 90 21 23 48 70 86 40 96 80 8 12 22 79 68 47 20 131 135 107 106 117 121 134 126 110 122 127 77 101 114 78 81 58 54 67 45 56 76 35 31 27 60 116 59 94 49 4 28 25 44 
FO: 421358.00000
Best time: 0.943
Total time:1.020 


Instance: /TSP/pr136.tsp
Sol: 129 121 133 111 112 128 95 83 108 97 116 118 130 131 84 106 64 60 50 27 7 26 82 105 107 99 94 86 63 17 29 40 28 4 30 85 73 120 115 76 78 46 54 44 25 43 35 55 21 14 10 57 67 22 9 11 42 56 45 47 20 53 72 59 52 31 98 104 70 117 119 96 75 71 36 41 65 49 61 51 38 62 39 103 127 125 123 68 91 114 92 69 100 88 110 2 8 23 34 12 32 24 13 33 3 66 81 58 93 19 1 15 6 48 77 124 113 102 80 132 101 79 89 90 126 122 87 16 5 0 18 37 74 134 109 135 
FO: 326436.00000
Best time: 0.983
Total time:1.001 


Instance: /TSP/pr136.tsp
Sol: 7 18 16 63 62 30 31 12 100 68 89 78 102 112 46 50 131 109 107 105 108 40 1 48 43 35 42 25 9 24 33 3 10 23 90 103 128 75 61 60 37 29 4 26 19 2 11 13 20 8 5 73 39 64 27 38 53 49 135 118 106 117 98 84 82 74 85 120 96 130 111 133 113 114 125 122 76 87 88 110 127 116 99 97 119 134 56 14 22 32 21 45 44 34 55 54 41 36 104 94 92 59 80 124 101 123 132 93 86 95 129 72 52 6 28 0 51 17 65 71 83 70 126 121 58 77 66 115 69 81 91 57 67 79 47 15 
FO: 350244.00000
Best time: 1.004
Total time:1.004 


Instance: /TSP/pr136.tsp
Sol: 2 32 44 22 115 76 81 93 121 77 24 23 43 113 135 111 71 64 38 94 41 46 102 114 132 92 54 3 25 11 45 67 47 58 57 87 49 97 117 52 37 4 69 35 79 13 20 66 59 42 78 124 125 112 88 36 15 19 31 51 63 134 107 126 127 133 91 56 80 122 90 123 119 73 74 82 85 70 62 40 86 83 65 99 95 109 118 96 129 60 61 98 131 75 0 17 18 50 84 104 105 108 130 128 116 120 106 72 39 1 28 16 27 7 26 14 6 29 5 30 53 9 21 10 34 8 12 55 68 103 100 110 101 89 48 33 
FO: 382250.00000
Best time: 0.893
Total time:1.016 


Instance: /TSP/pr136.tsp
Sol: 11 12 21 47 75 82 85 98 105 118 117 130 108 62 61 16 4 27 99 119 135 129 96 83 74 14 8 2 9 42 53 65 71 73 97 131 107 106 84 39 49 66 54 56 67 86 94 95 100 101 90 88 57 32 13 24 44 58 93 109 128 134 121 87 79 80 68 89 123 132 125 126 122 103 113 124 78 46 55 77 59 48 45 112 114 102 115 116 120 72 127 110 69 76 92 91 81 133 111 104 64 63 0 29 5 30 6 15 26 40 41 36 50 37 28 7 31 1 19 17 18 38 51 52 60 70 43 35 20 23 25 10 22 33 34 3 
FO: 270298.00000
Best time: 0.985
Total time:1.002 


Instance: /TSP/pr136.tsp
Sol: 113 132 89 77 46 34 55 57 33 43 23 87 92 102 103 76 90 79 32 67 124 133 125 122 116 75 96 83 59 35 44 54 72 84 107 131 117 114 21 12 11 2 20 56 88 112 110 129 74 82 71 37 53 98 97 52 50 4 6 0 16 27 19 7 1 15 40 61 104 93 81 80 101 68 66 69 47 3 22 14 17 95 118 108 109 130 106 135 119 105 99 128 120 31 26 86 5 29 49 134 73 85 60 70 94 127 111 123 91 78 100 58 48 13 24 8 25 38 18 51 62 64 63 39 28 30 41 36 65 121 115 126 42 45 9 10 
FO: 334033.00000
Best time: 1.009
Total time:1.028 


Instance: /TSP/pr136.tsp
Sol: 66 23 2 10 9 42 25 52 50 117 107 131 106 118 98 39 35 45 44 47 94 96 73 84 83 82 121 133 34 58 81 78 90 69 91 54 77 100 89 87 93 16 18 15 31 40 29 60 64 109 114 123 112 101 68 57 76 70 129 128 135 116 122 104 75 95 99 61 71 28 30 86 105 97 38 63 62 37 4 51 17 26 7 6 5 0 134 120 119 108 130 72 14 48 92 88 111 110 127 126 113 79 22 11 21 33 46 56 55 67 13 20 85 27 19 1 59 132 102 124 24 12 3 65 74 115 103 125 80 32 43 8 41 36 53 49 
FO: 343077.00000
Best time: 0.999
Total time:1.018 


Instance: /TSP/pr136.tsp
Sol: 69 81 100 132 126 111 93 127 90 68 77 86 116 119 105 134 128 108 113 115 122 125 114 124 103 56 54 13 25 10 1 30 16 5 63 117 97 40 131 129 120 94 85 109 76 57 32 23 46 20 12 3 130 106 107 135 84 80 89 79 34 2 9 21 7 31 19 18 64 95 99 110 133 55 123 82 74 83 73 52 17 51 26 96 65 37 15 60 62 50 39 38 29 4 28 27 0 24 45 22 43 121 87 101 67 92 88 47 44 11 33 36 49 41 118 72 71 70 75 98 53 104 102 91 35 112 78 66 58 42 59 48 8 61 6 14 
FO: 364500.00000
Best time: 1.021
Total time:1.021 


Instance: /TSP/pr136.tsp
Sol: 108 25 59 47 60 57 56 32 9 12 22 45 127 104 99 83 63 64 52 15 19 31 27 37 49 62 84 72 97 85 115 102 123 55 10 3 33 13 1 94 86 87 75 65 28 17 73 74 134 117 107 118 82 61 36 41 135 130 119 128 4 48 42 7 14 6 40 53 35 43 44 89 90 113 112 91 79 80 110 124 103 111 121 26 71 96 16 8 24 46 20 11 2 30 38 29 76 88 100 58 23 21 93 126 132 125 133 101 114 122 77 81 69 78 68 67 0 51 5 18 98 105 106 129 109 50 39 70 92 66 34 54 116 95 120 131 
FO: 373413.00000
Best time: 1.039
Total time:1.039 


Instance: /TSP/pr136.tsp
Sol: 11 10 67 124 113 89 47 13 9 32 54 43 23 3 33 21 12 46 45 93 127 109 105 107 117 130 65 53 99 75 63 62 61 82 76 123 68 58 25 8 69 100 92 122 90 125 121 110 80 79 57 51 37 52 131 118 132 114 101 78 60 50 41 29 40 26 36 31 96 85 66 48 42 49 28 4 5 19 1 15 64 39 38 6 16 7 30 18 0 17 98 128 119 120 104 87 77 55 34 56 133 112 126 102 103 111 88 2 81 91 115 20 35 22 24 70 84 72 94 129 83 95 71 86 73 116 108 134 74 135 106 97 27 44 14 59 
FO: 343607.00000
Best time: 1.047
Total time:1.047 


Instance: /TSP/pr136.tsp
Sol: 103 80 55 57 89 23 110 82 126 112 76 125 123 69 122 81 93 132 113 88 92 128 120 107 134 87 91 46 101 50 7 71 17 60 75 94 83 99 40 53 85 84 106 131 19 70 108 117 118 72 97 104 14 15 26 39 36 28 37 20 68 115 100 114 111 66 77 79 21 56 58 61 9 22 12 10 24 25 5 0 1 2 4 13 49 129 95 135 130 62 8 3 32 33 11 34 35 59 48 65 86 31 45 42 47 78 102 124 133 52 6 16 41 64 51 63 29 74 73 18 38 30 27 96 109 98 90 121 116 127 54 43 67 44 105 119 
FO: 440060.00000
Best time: 0.840
Total time:1.004 


Instance: /TSP/pr136.tsp
Sol: 116 57 45 44 10 23 9 25 66 69 77 42 43 47 54 81 93 88 91 115 125 132 102 101 89 68 80 112 113 124 123 78 56 22 13 11 2 24 14 31 0 17 51 38 84 97 73 64 103 100 79 90 114 133 122 111 129 135 117 105 106 96 75 82 49 53 65 40 41 16 4 5 30 7 27 6 1 26 29 28 39 63 62 61 72 98 99 87 76 48 8 20 21 12 3 33 58 92 127 126 110 121 134 120 107 119 131 130 118 95 74 83 86 59 35 32 55 46 34 67 60 37 52 71 108 128 104 50 18 19 15 36 70 85 94 109 
FO: 232091.00000
Best time: 1.001
Total time:1.001 


Instance: /TSP/pr136.tsp
Sol: 83 71 130 117 76 12 3 10 23 25 42 70 5 0 92 57 58 78 53 74 99 98 118 108 75 128 109 119 131 38 60 37 52 86 96 116 94 63 26 65 104 28 4 6 1 41 31 49 48 124 111 122 133 46 68 44 100 81 55 67 56 69 45 15 29 51 17 27 16 19 30 40 134 135 129 120 105 85 106 107 95 82 39 18 7 50 84 73 97 14 11 13 2 20 8 21 33 9 32 79 91 66 101 77 54 34 35 127 62 64 72 61 36 24 22 80 89 90 115 114 123 102 132 93 110 121 125 113 126 103 112 88 59 43 47 87 
FO: 342496.00000
Best time: 0.973
Total time:1.005 


Instance: /TSP/pr136.tsp
Sol: 6 0 62 29 5 27 60 74 119 131 108 83 103 112 132 90 92 46 81 13 22 59 32 24 44 87 125 110 88 100 133 123 124 89 115 127 109 116 130 84 70 91 121 43 113 96 128 107 75 85 72 66 7 53 15 36 42 21 2 8 19 18 16 78 93 68 57 101 111 122 114 102 55 80 126 134 49 23 25 35 9 11 40 73 117 135 71 82 4 50 26 65 48 77 45 34 54 67 56 79 47 63 95 129 120 104 69 58 33 3 12 10 20 94 106 118 86 51 64 98 105 97 76 30 37 38 28 14 1 17 39 61 99 52 31 41 
FO: 408118.00000
Best time: 0.942
Total time:1.002 


Instance: /TSP/pr136.tsp
Sol: 16 7 8 48 132 123 133 102 90 68 34 46 10 20 81 91 125 124 115 77 87 52 27 19 44 69 88 100 112 99 131 117 119 104 110 121 111 122 126 80 89 101 114 113 40 61 64 70 83 63 74 75 62 28 4 0 26 50 65 60 54 35 33 22 21 58 56 67 55 45 43 76 93 127 134 130 107 42 78 32 12 3 31 1 15 39 71 72 98 95 118 106 128 96 92 103 79 57 66 108 105 135 129 116 51 41 18 37 30 29 97 84 14 13 9 2 11 23 24 25 47 59 49 36 53 86 120 109 94 82 85 73 38 5 17 6 
FO: 307413.00000
Best time: 1.007
Total time:1.007 


Instance: /TSP/pr136.tsp
Sol: 105 52 64 74 83 48 57 34 101 121 88 113 133 90 126 125 131 107 15 1 0 4 37 38 51 85 128 134 135 98 39 84 120 99 103 102 100 78 93 115 119 82 26 31 5 18 30 50 129 110 122 132 114 77 68 76 87 54 66 42 43 67 46 21 44 47 12 23 13 19 6 17 29 62 28 27 16 7 60 40 65 58 92 127 79 80 89 81 91 69 111 112 20 2 33 11 9 22 10 3 32 14 24 25 56 8 45 55 35 59 36 63 116 123 124 109 108 118 106 94 73 53 41 72 75 86 117 71 104 61 70 130 95 96 97 49 
FO: 348300.00000
Best time: 1.036
Total time:1.036 


Instance: /TSP/pr136.tsp
Sol: 5 19 73 15 40 17 18 27 0 26 4 34 67 56 79 125 124 93 111 48 87 121 116 108 129 95 6 54 35 24 14 20 36 31 62 61 64 38 72 1 75 37 105 120 134 104 135 119 96 115 113 122 110 126 103 101 123 127 132 133 128 71 98 117 106 83 131 94 69 45 59 44 13 2 42 58 107 118 130 109 85 88 102 114 112 57 21 10 9 8 78 92 100 81 68 91 22 12 32 76 70 50 41 39 60 53 52 49 84 65 74 16 63 51 82 99 30 28 7 29 97 86 89 47 25 23 11 3 33 43 55 46 80 77 90 66 
FO: 371355.00000
Best time: 0.968
Total time:1.001 


Instance: /TSP/pr136.tsp
Sol: 46 56 79 80 89 91 90 45 22 20 6 5 29 18 16 19 31 44 55 57 81 114 123 92 69 66 59 43 67 68 88 77 24 25 10 11 9 14 15 26 117 109 87 127 110 128 131 130 119 129 106 97 83 61 40 52 63 105 71 72 73 118 135 116 99 82 36 3 33 34 21 42 47 102 111 75 53 49 74 104 120 103 124 113 126 115 112 133 78 100 62 50 28 30 41 98 94 86 93 125 132 101 122 121 134 108 54 35 58 70 65 60 96 85 95 64 1 7 0 37 39 38 17 4 27 12 23 13 32 2 8 48 51 84 107 76 
FO: 303106.00000
Best time: 0.999
Total time:1.003 


Instance: /TSP/pr136.tsp
Sol: 88 112 69 87 74 72 84 117 135 131 109 120 134 116 59 58 66 9 12 21 11 13 2 33 3 79 78 81 92 93 108 118 119 106 86 29 28 4 30 16 27 6 1 61 15 19 25 32 23 22 10 24 42 43 45 55 34 56 44 47 35 26 0 7 18 5 40 128 127 123 125 122 114 124 115 121 31 49 38 50 64 36 54 57 67 46 20 8 14 41 39 63 60 53 96 104 105 83 71 70 82 126 111 110 102 132 103 133 113 89 80 90 91 68 77 99 62 51 97 98 95 75 94 85 107 129 130 73 17 37 52 65 48 76 101 100 
FO: 272709.00000
Best time: 1.001
Total time:1.001 


Instance: /TSP/pr136.tsp
Sol: 3 21 66 79 90 36 49 63 38 39 16 5 4 61 72 105 99 110 100 101 133 125 122 121 76 53 17 29 18 0 6 52 82 86 131 106 119 135 107 130 54 44 45 68 89 88 81 59 13 2 20 8 31 26 41 65 15 87 77 67 55 56 37 50 30 28 27 1 48 78 103 111 113 57 46 34 25 24 11 22 19 7 40 51 62 71 93 92 104 120 128 117 116 134 95 85 84 64 74 70 94 75 73 83 97 108 109 129 118 98 96 60 14 42 58 47 43 35 69 91 80 114 123 126 127 115 112 132 102 124 33 12 10 32 9 23 
FO: 277185.00000
Best time: 1.003
Total time:1.003 


Instance: /TSP/pr136.tsp
Sol: 53 70 95 99 75 82 63 73 84 107 96 85 83 131 105 108 61 26 27 17 4 7 5 0 14 9 23 42 25 2 24 1 31 71 120 94 119 106 98 97 72 51 50 36 133 122 125 103 112 132 114 113 68 81 92 115 111 123 124 101 102 78 89 55 20 8 32 134 104 109 86 117 129 135 130 118 128 116 121 100 91 79 19 6 30 52 74 65 45 3 12 33 11 93 87 90 56 67 80 66 46 57 44 34 21 22 58 127 126 110 76 48 54 77 88 69 47 43 59 35 13 10 15 16 18 28 37 40 41 64 60 39 62 38 29 49 
FO: 271620.00000
Best time: 0.992
Total time:1.002 


Instance: /TSP/pr136.tsp
Sol: 24 78 79 113 100 111 127 126 124 115 87 125 101 81 88 103 89 80 102 90 68 121 60 52 15 3 13 42 34 56 54 10 23 2 9 1 16 26 7 6 27 49 96 76 93 112 122 114 132 123 133 67 44 57 91 82 70 65 37 40 17 28 0 4 5 14 20 8 33 11 21 46 35 47 45 43 92 69 59 19 31 41 71 74 106 119 73 64 86 94 108 104 105 107 130 129 98 95 61 50 63 51 84 118 131 134 117 135 128 109 48 66 32 22 12 25 58 77 55 110 120 116 36 75 53 38 72 99 85 97 18 83 62 39 30 29 
FO: 303400.00000
Best time: 1.002
Total time:1.002 


Instance: /TSP/pr136.tsp
Sol: 96 98 86 94 7 43 13 8 34 16 84 37 39 60 41 53 108 47 55 36 125 122 110 123 132 90 20 2 115 117 73 19 18 1 30 28 14 3 93 25 10 11 31 6 51 5 17 4 56 48 15 32 58 112 9 91 121 127 88 75 85 83 107 118 119 95 64 57 131 106 120 105 81 126 77 67 68 92 76 70 65 74 71 97 99 87 82 128 116 63 61 104 29 49 40 62 27 50 59 35 80 0 38 72 26 52 134 129 130 135 109 69 103 133 113 100 12 45 66 124 46 78 54 23 21 24 44 42 22 114 33 79 102 101 89 111 
FO: 465607.00000
Best time: 0.956
Total time:1.033 


Instance: /TSP/pr136.tsp
Sol: 116 26 54 100 123 132 125 120 94 104 82 97 85 60 83 39 131 107 129 96 72 1 105 118 73 71 84 86 74 37 70 53 61 52 51 95 98 40 14 87 103 44 34 33 43 47 35 45 56 46 77 92 113 79 114 102 101 127 121 111 124 133 110 117 130 115 91 126 93 78 80 88 67 59 69 66 57 20 81 90 58 76 25 9 24 55 68 8 10 13 21 2 32 48 0 18 6 27 16 5 19 15 49 50 29 4 7 112 122 65 11 3 23 22 12 89 42 31 36 62 75 63 64 41 28 38 17 30 109 128 119 134 99 135 106 108 
FO: 347162.00000
Best time: 0.998
Total time:1.023 


Instance: /TSP/pr136.tsp
Sol: 79 99 51 84 74 95 98 83 118 72 106 135 104 54 44 12 46 78 47 14 21 23 33 20 13 10 7 25 1 29 30 6 117 97 71 37 15 26 19 27 28 39 62 38 48 57 107 40 63 4 17 53 49 134 120 105 129 131 41 82 66 93 122 81 92 80 126 113 102 91 45 75 96 128 119 108 110 58 86 52 50 65 31 88 132 114 100 115 67 68 101 90 76 87 125 127 112 77 8 9 22 32 59 69 34 35 42 56 55 3 2 11 0 16 36 61 24 43 73 64 18 5 60 70 130 103 124 121 123 111 85 109 116 94 133 89 
FO: 388334.00000
Best time: 1.001
Total time:1.002 


Instance: /TSP/pr136.tsp
Sol: 6 18 82 128 134 119 27 4 38 92 124 115 112 123 113 114 122 133 125 110 101 132 102 69 87 120 104 86 129 131 135 98 50 62 85 106 107 83 105 73 65 41 53 33 23 13 34 77 103 100 126 127 121 109 116 118 96 36 49 60 40 17 51 84 52 108 95 117 130 76 81 111 91 78 80 55 47 59 35 44 21 25 20 11 3 10 8 14 97 70 74 72 71 39 61 75 88 79 68 12 43 66 57 89 90 22 24 9 2 42 54 56 93 99 94 29 63 28 15 1 30 16 0 7 5 26 64 19 37 58 32 67 45 46 48 31 
FO: 316285.00000
Best time: 1.005
Total time:1.005 


Instance: /TSP/pr136.tsp
Sol: 97 98 87 46 43 24 92 59 47 66 34 44 84 75 74 65 53 76 68 101 89 80 79 67 54 56 45 90 113 114 124 83 85 107 86 40 15 5 29 7 17 27 16 30 51 71 96 72 73 63 60 38 37 31 62 64 49 50 39 4 6 0 1 23 32 13 8 12 11 35 10 2 33 22 3 58 42 36 130 118 117 28 26 18 41 52 126 125 122 123 132 103 115 133 129 105 108 135 119 104 95 111 127 102 112 81 88 110 121 61 94 70 99 82 14 19 48 78 91 100 69 77 55 21 9 20 25 57 93 120 128 109 134 116 106 131 
FO: 308678.00000
Best time: 0.997
Total time:1.004 


Instance: /TSP/pr136.tsp
Sol: 38 16 29 17 5 51 63 118 119 105 116 85 131 72 95 71 96 99 91 120 104 121 94 48 90 125 127 124 123 115 73 39 75 76 68 33 22 32 9 21 7 62 50 64 70 41 19 30 0 28 6 26 31 15 14 54 47 8 4 27 1 18 61 87 114 113 110 133 111 122 80 67 56 66 34 89 81 11 3 10 46 45 23 12 55 58 43 88 126 132 93 53 49 117 135 106 107 97 98 74 20 2 69 35 79 59 42 44 57 78 100 103 112 102 101 92 37 40 65 60 84 52 25 24 13 77 36 83 82 86 134 129 108 130 128 109 
FO: 338594.00000
Best time: 1.003
Total time:1.003 


Instance: /TSP/pr136.tsp
Sol: 11 8 34 22 21 12 1 15 73 64 50 6 7 25 14 24 48 65 116 96 51 84 37 70 36 53 40 49 9 32 10 20 18 26 83 107 87 88 78 43 23 33 3 59 90 80 68 102 123 114 101 115 110 132 121 54 42 58 76 55 69 57 56 45 67 44 46 47 13 66 35 94 135 129 98 128 106 119 130 118 131 39 72 109 86 75 0 27 41 30 31 63 95 82 85 60 61 38 52 17 28 62 4 16 19 29 5 74 127 124 112 125 111 93 133 97 117 71 105 120 108 134 104 99 113 92 81 89 91 79 100 2 122 103 126 77 
FO: 342990.00000
Best time: 0.995
Total time:1.002 


Instance: /TSP/pr136.tsp
Sol: 128 65 121 127 25 77 110 79 118 119 104 84 117 86 71 24 32 12 11 23 22 45 54 80 102 20 55 10 13 33 67 113 91 52 74 64 50 39 38 18 0 42 9 3 34 66 97 73 56 58 37 40 61 6 19 2 1 15 14 43 21 89 48 44 35 93 123 122 81 114 111 16 30 41 120 59 36 109 125 112 90 115 100 126 88 124 69 116 46 57 5 17 29 28 4 7 103 132 68 133 92 87 78 76 8 47 101 135 26 63 49 51 62 83 106 105 96 85 98 70 72 129 134 31 53 27 75 82 108 131 130 94 107 60 99 95 
FO: 446019.00000
Best time: 0.995
Total time:1.031 


Instance: /TSP/pr136.tsp
Sol: 90 113 89 43 8 45 17 31 14 3 101 44 67 112 132 75 21 50 25 106 32 20 78 16 84 4 73 62 119 122 123 58 54 23 22 35 11 12 69 26 13 28 110 105 135 117 72 83 98 99 108 52 37 134 34 9 118 63 130 86 55 46 68 47 29 94 126 111 51 5 71 27 30 91 85 100 124 59 77 42 64 96 129 97 74 82 6 48 60 70 53 49 128 95 116 131 107 121 93 88 56 66 103 127 65 120 61 15 0 40 36 115 81 7 33 104 87 79 92 133 76 125 114 102 18 41 1 57 19 24 2 109 39 38 10 80 
FO: 585077.00000
Best time: 0.981
Total time:1.002 


Instance: /TSP/pr136.tsp
Sol: 4 37 30 31 49 105 135 119 128 35 44 9 14 71 97 83 98 85 60 39 75 41 40 86 24 56 33 43 54 32 2 10 22 21 12 23 8 42 123 124 114 88 103 122 112 121 126 111 110 102 100 125 127 109 96 73 17 15 48 66 58 93 108 131 62 63 84 38 29 28 50 18 1 5 6 0 25 132 77 78 99 106 107 72 64 65 82 70 52 87 76 69 92 81 91 68 113 115 133 79 101 90 80 89 59 55 13 67 57 11 3 46 45 34 20 47 120 129 104 118 130 117 26 16 51 74 94 61 53 36 95 116 134 27 19 7 
FO: 325775.00000
Best time: 0.963
Total time:1.028 


Instance: /TSP/pr136.tsp
Sol: 90 68 67 69 43 115 100 127 103 80 78 134 111 125 101 54 46 22 126 87 88 57 21 114 123 93 122 121 13 20 14 45 33 24 66 56 2 25 8 10 11 3 60 62 98 72 64 38 15 49 19 84 86 73 5 37 39 41 7 1 28 17 16 0 77 32 12 110 113 133 132 112 91 55 48 85 83 104 116 129 128 120 95 71 50 52 18 97 51 96 105 117 135 118 106 119 108 130 94 99 59 26 27 6 31 4 30 29 36 107 109 131 63 82 47 42 23 44 35 89 34 9 58 79 81 92 75 74 40 53 65 70 61 76 124 102 
FO: 359872.00000
Best time: 1.009
Total time:1.009 


Instance: /TSP/pr136.tsp
Sol: 82 135 108 6 70 60 50 86 105 106 129 130 118 17 30 3 8 80 101 0 54 34 22 134 119 75 31 49 15 59 2 24 65 64 1 43 95 109 94 104 128 107 74 120 116 115 81 91 77 100 45 57 36 62 73 131 117 122 133 89 16 5 28 7 4 18 33 44 132 99 93 42 87 76 68 35 9 20 13 71 84 27 40 90 47 102 113 114 123 61 29 51 38 37 39 63 98 111 127 110 103 112 121 125 79 32 56 14 58 53 23 10 12 67 78 92 126 72 69 11 55 46 19 25 41 26 21 48 88 66 124 52 96 83 97 85 
FO: 464593.00000
Best time: 0.909
Total time:1.001 


Instance: /TSP/pr136.tsp
Sol: 35 23 11 33 21 55 68 67 47 20 13 24 42 60 110 93 100 125 45 76 59 54 124 111 43 82 65 74 96 98 126 127 57 78 56 44 46 80 34 3 12 103 134 105 84 85 18 6 41 14 25 2 32 58 88 87 66 30 63 97 72 106 16 108 120 116 117 104 77 89 122 113 99 71 49 15 40 61 50 26 0 17 4 5 29 28 73 53 86 83 135 70 31 36 27 7 37 10 8 9 22 1 19 62 64 48 75 130 107 131 128 109 119 121 94 95 51 38 39 52 118 129 101 90 79 81 123 133 115 112 102 132 91 114 69 92 
FO: 356211.00000
Best time: 0.984
Total time:1.021 


Instance: /TSP/pr136.tsp
Sol: 58 59 87 75 50 52 64 63 62 51 97 85 120 94 60 6 40 16 18 27 26 49 65 53 61 37 84 70 104 122 93 77 115 100 42 74 95 83 73 71 134 130 116 39 131 107 135 119 118 106 72 36 31 14 20 11 10 21 43 92 88 91 111 105 82 117 108 98 109 41 38 17 4 0 1 28 5 30 7 19 78 67 56 44 35 47 15 29 96 128 129 86 99 76 80 23 24 34 22 3 46 55 123 126 112 124 102 68 79 127 121 33 2 9 12 45 54 81 69 125 133 132 90 101 110 114 89 103 113 66 25 8 48 57 32 13 
FO: 312040.00000
Best time: 1.007
Total time:1.008 


Instance: /TSP/pr136.tsp
Sol: 118 135 131 86 72 50 62 36 41 73 74 71 39 38 30 51 61 40 20 2 54 56 55 67 68 91 77 92 76 34 46 102 125 115 103 88 81 57 14 1 28 17 4 29 15 6 37 63 85 96 106 98 83 84 97 25 59 48 32 12 13 24 8 43 78 123 112 121 58 69 100 101 133 44 95 82 94 53 87 45 22 9 66 124 122 126 113 90 80 89 79 132 114 127 111 93 18 0 16 5 19 120 116 129 128 109 130 105 119 107 117 108 134 70 64 65 110 104 75 33 3 10 47 35 42 7 31 26 27 60 52 49 23 11 21 99 
FO: 312838.00000
Best time: 0.944
Total time:1.009 


Instance: /TSP/pr136.tsp
Sol: 106 118 98 89 69 81 77 88 90 102 125 127 120 108 99 87 92 100 61 38 52 4 51 62 41 40 6 49 37 83 74 64 60 82 119 97 104 134 48 63 27 30 32 8 25 11 22 56 43 55 126 71 117 85 84 70 95 109 2 65 19 26 1 13 14 23 9 58 124 112 113 93 57 10 12 67 80 66 115 79 114 132 91 122 103 116 123 76 54 45 7 16 18 0 31 50 29 17 28 73 39 121 133 78 68 111 34 46 44 42 20 24 47 101 35 33 3 21 59 53 15 36 94 110 96 107 105 129 135 72 128 86 75 5 131 130 
FO: 384915.00000
Best time: 0.941
Total time:1.006 


Instance: /TSP/pr136.tsp
Sol: 4 29 16 0 49 59 13 20 45 22 54 21 23 2 10 24 124 132 109 128 97 127 60 74 61 51 39 40 53 50 52 36 112 100 92 88 35 32 43 9 8 3 34 33 56 46 93 122 80 123 102 114 113 125 115 126 111 133 64 6 18 30 37 71 38 99 134 131 107 130 116 120 66 55 90 68 117 135 106 118 95 98 82 72 70 86 75 94 85 41 57 11 42 65 96 83 84 12 25 14 44 48 62 73 104 119 105 129 108 101 67 89 58 47 79 77 78 1 15 26 5 19 27 7 28 17 31 81 69 91 121 110 103 76 87 63 
FO: 348244.00000
Best time: 0.810
Total time:1.007 


Instance: /TSP/pr136.tsp
Sol: 0 64 6 7 63 74 75 99 62 38 96 83 88 81 114 124 125 112 76 34 33 48 116 104 117 131 108 107 119 129 134 127 126 132 103 111 121 92 54 36 1 19 53 15 18 9 2 8 24 14 13 11 23 3 22 10 25 32 35 12 21 47 86 85 37 65 93 87 100 55 90 59 42 39 51 29 105 72 128 97 71 70 91 79 80 123 102 113 133 69 44 67 66 43 30 28 73 84 120 130 106 135 98 118 60 109 95 50 52 17 4 16 27 40 26 31 82 61 49 94 110 122 115 77 68 57 56 46 45 101 89 78 20 58 41 5 
FO: 324871.00000
Best time: 1.004
Total time:1.022 


Instance: /TSP/pr136.tsp
Sol: 68 90 89 128 117 116 109 64 85 40 49 0 6 31 16 5 27 14 18 19 28 60 135 130 119 129 131 74 118 72 38 83 75 104 94 84 52 73 95 98 61 63 65 15 7 36 42 93 92 115 121 107 106 96 124 80 79 103 110 122 111 101 88 69 2 48 12 22 23 53 24 43 34 33 44 58 25 54 81 87 123 47 1 50 17 37 39 132 112 113 102 133 91 114 126 125 100 134 105 86 82 99 62 97 108 120 127 70 66 35 67 55 46 57 13 11 8 10 32 9 20 59 51 26 77 76 71 78 56 45 41 29 30 4 3 21 
FO: 378096.00000
Best time: 0.986
Total time:1.002 


Instance: /TSP/pr136.tsp
Sol: 11 12 21 10 3 23 22 13 8 2 75 74 83 108 134 126 127 110 88 80 101 16 28 29 30 15 0 64 57 44 34 35 59 43 14 63 73 93 111 87 69 79 114 132 123 113 48 109 105 107 99 68 78 20 42 65 60 104 92 91 100 67 56 81 49 72 96 71 117 131 86 5 7 26 37 135 118 106 98 38 61 39 18 36 53 33 54 25 9 55 46 45 47 32 66 89 58 4 17 51 41 94 129 130 128 116 120 76 122 90 115 112 124 125 133 103 102 121 77 24 19 6 1 50 70 82 95 119 85 84 62 97 52 27 40 31 
FO: 344099.00000
Best time: 1.013
Total time:1.014 


Instance: /TSP/pr136.tsp
Sol: 119 117 108 104 129 99 134 56 81 66 68 121 115 114 132 100 123 111 124 113 90 127 126 91 33 78 12 89 58 48 43 22 11 102 103 93 87 88 120 7 30 4 27 23 10 25 35 15 14 8 32 2 9 20 13 92 69 76 77 3 46 45 57 101 34 21 54 24 59 110 125 122 112 80 79 44 133 1 19 50 37 17 18 26 28 39 52 53 96 40 71 49 5 31 118 131 74 83 109 98 128 135 107 95 38 51 65 67 42 47 75 116 55 86 41 61 16 0 36 6 84 73 105 130 85 97 70 63 94 82 29 60 62 64 72 106 
FO: 376495.00000
Best time: 0.967
Total time:1.001 


Instance: /TSP/pr136.tsp
Sol: 41 7 26 50 18 0 5 16 30 63 131 83 19 14 13 24 8 22 33 3 55 126 71 98 106 107 134 118 135 117 119 130 105 95 36 34 23 9 20 25 12 48 76 109 129 128 84 49 82 74 75 73 121 87 42 100 68 124 123 103 92 21 11 45 58 110 133 115 111 120 96 108 94 97 72 51 1 15 31 53 69 93 79 47 65 60 116 102 132 125 112 89 122 88 44 10 57 2 37 61 70 86 85 104 114 113 127 66 43 59 54 99 62 38 17 6 27 28 29 4 39 52 64 40 77 81 80 78 101 91 90 35 67 46 56 32 
FO: 340071.00000
Best time: 0.990
Total time:1.002 


Instance: /TSP/pr136.tsp
Sol: 125 122 8 135 127 116 108 53 117 106 120 134 110 121 97 17 52 1 16 36 65 118 86 87 31 14 44 46 43 66 35 47 21 25 131 64 126 124 132 114 115 70 72 107 129 96 105 119 101 88 45 55 56 82 113 62 84 51 40 74 61 26 29 5 100 58 67 123 103 75 92 76 133 102 112 81 42 2 48 60 50 77 93 18 109 39 38 7 28 30 94 83 71 99 73 63 95 111 69 90 79 128 78 13 3 22 32 89 91 24 10 34 23 54 9 12 33 20 11 57 68 80 49 98 4 19 27 37 6 59 130 0 15 41 85 104 
FO: 472362.00000
Best time: 0.970
Total time:1.001 


Instance: /TSP/pr136.tsp
Sol: 1 37 39 50 62 40 36 116 121 115 112 90 101 59 124 88 87 82 94 109 97 105 135 83 71 104 99 74 85 95 86 73 72 70 63 29 16 61 51 64 96 98 84 38 60 6 7 26 28 30 17 19 5 0 18 65 130 108 92 81 45 68 80 48 75 118 128 131 119 129 114 123 133 126 110 111 102 91 79 89 77 66 56 25 11 9 8 67 57 76 54 132 113 125 69 32 23 24 12 46 14 20 33 2 21 22 44 55 34 58 35 43 10 3 13 47 78 100 122 134 120 107 117 106 27 53 49 42 103 127 93 41 52 4 15 31 
FO: 312083.00000
Best time: 0.899
Total time:1.001 


Instance: /TSP/pr136.tsp
Sol: 69 15 5 4 16 38 52 116 86 59 87 42 14 19 29 18 26 17 51 70 43 45 66 36 31 49 7 27 0 28 97 106 94 121 24 3 13 20 11 12 21 34 23 57 44 35 46 67 76 81 124 112 79 114 56 77 92 93 132 125 101 102 133 78 55 80 89 91 68 111 122 126 82 75 95 118 119 129 109 98 74 61 53 22 33 58 88 100 90 54 47 2 25 10 32 9 8 48 50 39 40 41 85 117 108 99 60 37 65 96 73 135 105 104 128 131 84 62 72 83 71 130 107 30 1 6 63 64 120 110 134 115 127 113 123 103 
FO: 317063.00000
Best time: 1.002
Total time:1.002 


Instance: /TSP/pr136.tsp
Sol: 108 109 129 128 134 110 111 133 122 132 124 125 123 114 113 102 101 90 55 46 32 36 53 31 26 7 6 16 0 27 37 96 119 117 107 135 130 97 105 106 72 84 74 95 94 17 29 4 5 28 18 30 58 34 33 20 23 10 9 2 24 22 45 67 78 100 99 70 75 65 60 49 48 42 59 47 11 13 25 43 35 44 54 57 66 81 77 92 104 120 116 76 56 12 21 3 8 14 1 15 19 40 41 83 85 118 131 98 64 62 38 51 63 50 61 87 115 126 93 88 69 68 89 80 79 91 103 112 127 121 86 82 71 39 52 73 
FO: 213916.00000
Best time: 0.618
Total time:1.001 
